16 	 2.044066 
16 	 2.383394 
16 	 1.676514 
16 	 1.674030 
16 	 1.673843 
16 	 1.673834 
16 	 1.676896 
16 	 1.673967 
16 	 1.674196 
16 	 1.676462 
16 	 1.673982 
16 	 1.673892 
16 	 1.674159 
16 	 1.676992 
16 	 1.673924 
16 	 1.673904 
16 	 1.675715 
16 	 1.672165 
16 	 2.360273 
16 	 1.673802 
16 	 1.676828 
16 	 2.389299 
16 	 2.386656 
16 	 1.671809 
16 	 1.671792 
16 	 1.671734 
16 	 1.672852 
16 	 2.261676 
16 	 2.395891 
16 	 1.672649 
16 	 1.671744 
16 	 1.671782 
16 	 1.672487 
16 	 1.716002 
16 	 2.380708 
16 	 1.676316 
16 	 1.673991 
16 	 1.673902 
16 	 1.673977 
16 	 1.676745 
16 	 1.674110 
16 	 1.674151 
16 	 1.676096 
16 	 1.671545 
16 	 2.359609 
16 	 1.674241 
16 	 1.676397 
16 	 1.673846 
16 	 1.673989 
16 	 1.676527 
16 	 1.673861 
16 	 1.674318 
16 	 1.674092 
16 	 1.676809 
16 	 1.673817 
16 	 1.673943 
16 	 1.676754 
16 	 1.673899 
16 	 1.673855 
16 	 1.673920 
16 	 1.676534 
16 	 1.673966 
16 	 1.674303 
16 	 1.673902 
16 	 1.673830 
16 	 1.674244 
16 	 1.673903 
16 	 1.673916 
16 	 2.364247 
16 	 1.671640 
16 	 1.671554 
16 	 1.671544 
16 	 1.671490 
16 	 1.671504 
16 	 1.671501 
16 	 1.671467 
16 	 1.671512 
16 	 1.671556 
16 	 1.671514 
16 	 1.671508 
16 	 1.671612 
16 	 1.671606 
16 	 1.671591 
16 	 1.671642 
16 	 1.671644 
16 	 1.671540 
16 	 1.671559 
16 	 1.671495 
16 	 1.671504 
16 	 1.671438 
16 	 1.671487 
16 	 1.671620 
16 	 1.671696 
16 	 1.671498 
16 	 1.671564 
16 	 1.671592 
16 	 1.671553 
16 	 1.671610 
16 	 1.671927 
16 	 1.671522 
32 	 1.671673 
32 	 1.671616 
32 	 1.671716 
32 	 1.671553 
32 	 1.671508 
32 	 1.671462 
32 	 1.671574 
32 	 1.671615 
32 	 1.671599 
32 	 1.671485 
32 	 1.671542 
32 	 1.671587 
32 	 1.671598 
32 	 1.671508 
32 	 1.671509 
32 	 1.671563 
32 	 1.671516 
32 	 1.671562 
32 	 1.671478 
32 	 1.671542 
32 	 1.671526 
32 	 1.671526 
32 	 1.672164 
32 	 1.671574 
32 	 1.671537 
32 	 1.671480 
32 	 1.671512 
32 	 1.671539 
32 	 1.671669 
32 	 1.671973 
32 	 1.671442 
32 	 1.671589 
32 	 1.671649 
32 	 1.671543 
32 	 1.671497 
32 	 1.671608 
32 	 1.671567 
32 	 1.671439 
32 	 1.671520 
32 	 1.671569 
32 	 1.671620 
32 	 1.671580 
32 	 1.671510 
32 	 1.671496 
32 	 1.671567 
32 	 1.671521 
32 	 1.671488 
32 	 1.671549 
32 	 1.671520 
32 	 1.671450 
32 	 1.671487 
32 	 1.672534 
32 	 1.671592 
32 	 1.671618 
32 	 1.671454 
32 	 1.671630 
32 	 1.671752 
32 	 1.671530 
32 	 1.671502 
32 	 2.396971 
32 	 2.360489 
32 	 1.671482 
32 	 1.671566 
32 	 1.671534 
32 	 1.671542 
32 	 1.671527 
32 	 1.671543 
32 	 1.671555 
32 	 1.671518 
32 	 1.671563 
32 	 1.671610 
32 	 1.671495 
32 	 1.671444 
32 	 1.671499 
32 	 2.358389 
32 	 1.671604 
32 	 1.671624 
32 	 1.671747 
32 	 1.671594 
32 	 1.671533 
32 	 1.671580 
32 	 1.671607 
32 	 1.671536 
32 	 1.671467 
32 	 1.671693 
32 	 1.671742 
32 	 1.671828 
32 	 1.671599 
32 	 1.671500 
32 	 1.671658 
32 	 1.671583 
32 	 1.671514 
32 	 2.349985 
32 	 1.674205 
32 	 1.673732 
32 	 1.673801 
32 	 1.674267 
32 	 1.673881 
32 	 2.395549 
32 	 1.671619 
64 	 1.671615 
64 	 1.671708 
64 	 1.671527 
64 	 1.671525 
64 	 1.671600 
64 	 1.671563 
64 	 1.671531 
64 	 1.671515 
64 	 1.671523 
64 	 1.671518 
64 	 1.671617 
64 	 1.671513 
64 	 1.671434 
64 	 1.671414 
64 	 1.671540 
64 	 2.367845 
64 	 2.394446 
64 	 1.671621 
64 	 1.671582 
64 	 1.671529 
64 	 1.671925 
64 	 2.388983 
64 	 1.671559 
64 	 1.671535 
64 	 1.671494 
64 	 1.672091 
64 	 1.671645 
64 	 1.671533 
64 	 1.671527 
64 	 1.671592 
64 	 1.671642 
64 	 1.671572 
64 	 1.671545 
64 	 1.671507 
64 	 1.671471 
64 	 1.671578 
64 	 1.671565 
64 	 1.671531 
64 	 1.671604 
64 	 1.671565 
64 	 1.671565 
64 	 1.671509 
64 	 1.671613 
64 	 1.671859 
64 	 1.671654 
64 	 1.671539 
64 	 1.671597 
64 	 1.671800 
64 	 1.671595 
64 	 1.671635 
64 	 1.671661 
64 	 1.671545 
64 	 1.671521 
64 	 1.671693 
64 	 1.671554 
64 	 1.671518 
64 	 1.671739 
64 	 1.671544 
64 	 1.671797 
64 	 1.671796 
64 	 1.671551 
64 	 1.671655 
64 	 1.671590 
64 	 1.671799 
64 	 1.671537 
64 	 1.671662 
64 	 1.671578 
64 	 1.671711 
64 	 1.671635 
64 	 1.671545 
64 	 1.671650 
64 	 1.671585 
64 	 1.671608 
64 	 1.671774 
64 	 1.671704 
64 	 1.671557 
64 	 1.671663 
64 	 1.725111 
64 	 2.357245 
64 	 1.671550 
64 	 1.671521 
64 	 1.671530 
64 	 2.361369 
64 	 1.674322 
64 	 1.673949 
64 	 1.674169 
64 	 1.673825 
64 	 1.673801 
64 	 1.720062 
64 	 2.383906 
64 	 1.673890 
64 	 1.673857 
64 	 1.673942 
64 	 1.673929 
64 	 1.674267 
64 	 1.673838 
64 	 1.674137 
64 	 1.673729 
64 	 1.673836 
64 	 1.673998 
128 	 1.675863 
128 	 1.680437 
128 	 1.691842 
128 	 1.673848 
128 	 1.672625 
128 	 1.672033 
128 	 1.672232 
128 	 1.671971 
128 	 1.672014 
128 	 1.672286 
128 	 1.671910 
128 	 1.671995 
128 	 1.677963 
128 	 2.945734 
128 	 2.693103 
128 	 2.425892 
128 	 2.192175 
128 	 2.045977 
128 	 1.932192 
128 	 1.834504 
128 	 1.744940 
128 	 1.671492 
128 	 1.672777 
128 	 1.672151 
128 	 1.671803 
128 	 1.671992 
128 	 1.671836 
128 	 1.671990 
128 	 1.671797 
128 	 1.671817 
128 	 1.671826 
128 	 1.671687 
128 	 1.672758 
128 	 1.671709 
128 	 1.672119 
128 	 1.671804 
128 	 1.672006 
128 	 1.671892 
128 	 1.672115 
128 	 1.671807 
128 	 1.671821 
128 	 1.671820 
128 	 1.671819 
128 	 1.671822 
128 	 1.671830 
128 	 3.884753 
128 	 1.672081 
128 	 3.452121 
128 	 3.039670 
128 	 2.663429 
128 	 2.384441 
128 	 2.175324 
128 	 3.832447 
128 	 3.343443 
128 	 2.804418 
128 	 2.478494 
128 	 2.338750 
128 	 2.138342 
128 	 1.976555 
128 	 1.912483 
128 	 1.855787 
128 	 1.793373 
128 	 1.723221 
128 	 1.673508 
128 	 1.673368 
128 	 1.673712 
128 	 1.674018 
128 	 1.673540 
128 	 1.673503 
128 	 1.674192 
128 	 1.673644 
128 	 1.674055 
128 	 1.673532 
128 	 1.673200 
128 	 1.673896 
128 	 1.673794 
128 	 1.674094 
128 	 3.784815 
128 	 3.951246 
128 	 3.392919 
128 	 3.913009 
128 	 3.206690 
128 	 2.745429 
128 	 2.455137 
128 	 2.228523 
128 	 2.050860 
128 	 1.875837 
128 	 1.919291 
128 	 1.821082 
128 	 1.714040 
128 	 1.673761 
128 	 1.673745 
128 	 1.673733 
128 	 1.674062 
128 	 1.674535 
128 	 1.673800 
128 	 1.673509 
128 	 1.673575 
128 	 1.673699 
128 	 1.673426 
256 	 1.673730 
256 	 1.673973 
256 	 1.673805 
256 	 1.673642 
256 	 1.674443 
256 	 1.673782 
256 	 1.673681 
256 	 1.673575 
256 	 1.673667 
256 	 1.673130 
256 	 1.673659 
256 	 1.674302 
256 	 1.673668 
256 	 1.673663 
256 	 1.674836 
256 	 1.673868 
256 	 1.673932 
256 	 1.673603 
256 	 1.673474 
256 	 1.673517 
256 	 1.673757 
256 	 1.673703 
256 	 1.673077 
256 	 1.673354 
256 	 1.673586 
256 	 1.673571 
256 	 1.673673 
256 	 1.674152 
256 	 1.673972 
256 	 1.673478 
256 	 1.673751 
256 	 1.673944 
256 	 1.674159 
256 	 1.673532 
256 	 1.673690 
256 	 1.673760 
256 	 1.673692 
256 	 1.673572 
256 	 1.674101 
256 	 1.673755 
256 	 1.674400 
256 	 3.458086 
256 	 2.906381 
256 	 2.594898 
256 	 2.368605 
256 	 2.162859 
256 	 2.010821 
256 	 1.877037 
256 	 1.808505 
256 	 1.732294 
256 	 1.674348 
256 	 1.674465 
256 	 1.674385 
256 	 1.674105 
256 	 1.674287 
256 	 1.674449 
256 	 1.674268 
256 	 1.674462 
256 	 1.674296 
256 	 1.674295 
256 	 1.674109 
256 	 1.674081 
256 	 1.674079 
256 	 1.674300 
256 	 1.674279 
256 	 1.674556 
256 	 1.674307 
256 	 1.674143 
256 	 1.677882 
256 	 1.674087 
256 	 1.674249 
256 	 1.674110 
256 	 1.674106 
256 	 1.674052 
256 	 1.674307 
256 	 1.674307 
256 	 1.674325 
256 	 1.674651 
256 	 1.674430 
256 	 1.674398 
256 	 1.674527 
256 	 1.674298 
256 	 1.674273 
256 	 1.674210 
256 	 1.674273 
256 	 1.674292 
256 	 1.674297 
256 	 3.911036 
256 	 3.218384 
256 	 2.637595 
256 	 2.512849 
256 	 2.252919 
256 	 2.101201 
256 	 1.963806 
256 	 1.871332 
256 	 1.803342 
256 	 2.363673 
256 	 3.417855 
256 	 3.072369 
256 	 2.666546 
512 	 3.943774 
512 	 3.263293 
512 	 2.814437 
512 	 2.469309 
512 	 2.233373 
512 	 2.054093 
512 	 1.981565 
512 	 1.861797 
512 	 1.793187 
512 	 1.713748 
512 	 1.673282 
512 	 1.674407 
512 	 1.673648 
512 	 1.673626 
512 	 1.673657 
512 	 1.673251 
512 	 1.673454 
512 	 1.673648 
512 	 1.673632 
512 	 1.673821 
512 	 1.673264 
512 	 1.673519 
512 	 1.673605 
512 	 1.673488 
512 	 1.673529 
512 	 1.673142 
512 	 1.673647 
512 	 1.673723 
512 	 1.673988 
512 	 1.673669 
512 	 1.673666 
512 	 1.674021 
512 	 1.673620 
512 	 1.673772 
512 	 1.673615 
512 	 1.673614 
512 	 1.673303 
512 	 1.674053 
512 	 1.673962 
512 	 1.673980 
512 	 1.673459 
512 	 1.673711 
512 	 1.674003 
512 	 1.673660 
512 	 1.673658 
512 	 1.673626 
512 	 1.673987 
512 	 1.673807 
512 	 1.673642 
512 	 1.673464 
512 	 1.673484 
512 	 1.673480 
512 	 1.673398 
512 	 1.674770 
512 	 1.673513 
512 	 1.673641 
512 	 1.673415 
512 	 1.673653 
512 	 1.673661 
512 	 1.673462 
512 	 1.673692 
512 	 1.673636 
512 	 1.673726 
512 	 1.673961 
512 	 1.673698 
512 	 1.674283 
512 	 1.673164 
512 	 1.673421 
512 	 1.673249 
512 	 1.673767 
512 	 1.673486 
512 	 1.673672 
512 	 1.673632 
512 	 1.673922 
512 	 1.673935 
512 	 1.673905 
512 	 1.673467 
512 	 1.673428 
512 	 1.673464 
512 	 1.673698 
512 	 1.673450 
512 	 1.672911 
512 	 1.673523 
512 	 1.673546 
512 	 1.673417 
512 	 3.749403 
512 	 3.106625 
512 	 2.669488 
512 	 2.382772 
512 	 2.248948 
512 	 2.153474 
512 	 2.070181 
512 	 1.938192 
512 	 1.859427 
512 	 3.468963 
512 	 2.981387 
512 	 2.581415 
512 	 2.349390 
512 	 2.173836 
512 	 2.049951 
1024 	 1.923661 
1024 	 1.834826 
1024 	 1.730213 
1024 	 1.672027 
1024 	 3.916887 
1024 	 3.225662 
1024 	 2.921065 
1024 	 2.537489 
1024 	 2.291306 
1024 	 2.166406 
1024 	 2.027632 
1024 	 1.891076 
1024 	 1.772400 
1024 	 1.729095 
1024 	 1.673636 
1024 	 1.673727 
1024 	 1.673747 
1024 	 1.673671 
1024 	 1.673656 
1024 	 1.674457 
1024 	 1.673629 
1024 	 1.673966 
1024 	 1.674027 
1024 	 1.673650 
1024 	 1.673407 
1024 	 1.673932 
1024 	 1.673460 
1024 	 1.673701 
1024 	 1.673831 
1024 	 1.673605 
1024 	 3.869301 
1024 	 2.864669 
1024 	 2.368218 
1024 	 2.159315 
1024 	 2.044922 
1024 	 1.939136 
1024 	 1.862316 
1024 	 1.793660 
1024 	 1.732583 
1024 	 1.732025 
1024 	 3.842640 
1024 	 3.381896 
1024 	 3.085458 
1024 	 2.677587 
1024 	 2.392553 
1024 	 2.175672 
1024 	 2.012371 
1024 	 1.928997 
1024 	 1.862540 
1024 	 1.838024 
1024 	 1.790649 
1024 	 1.734000 
1024 	 1.718931 
1024 	 1.675933 
1024 	 1.675939 
1024 	 1.678641 
1024 	 1.675909 
1024 	 1.676040 
1024 	 1.676451 
1024 	 1.675965 
1024 	 1.676454 
1024 	 1.676138 
1024 	 1.675992 
1024 	 1.676158 
1024 	 1.675878 
1024 	 1.675854 
1024 	 1.676089 
1024 	 1.675933 
1024 	 1.676047 
1024 	 1.675969 
1024 	 1.675765 
1024 	 1.675916 
1024 	 1.676016 
1024 	 1.676019 
1024 	 1.675986 
1024 	 1.675867 
1024 	 1.676054 
1024 	 1.675779 
1024 	 1.676048 
1024 	 1.676008 
1024 	 1.675915 
1024 	 1.675725 
1024 	 1.675869 
1024 	 1.676245 
1024 	 1.676029 
1024 	 1.676103 
1024 	 1.676088 
1024 	 1.676262 
1024 	 1.680552 
1024 	 1.676030 
1024 	 1.676677 
1024 	 1.676014 
1024 	 1.675917 
1024 	 1.675771 
1024 	 1.678229 
1024 	 1.675897 
1024 	 1.676003 
1024 	 3.911929 
1024 	 3.179181 
1024 	 2.737202 
2048 	 2.526279 
2048 	 2.552774 
2048 	 2.506371 
2048 	 2.506406 
2048 	 4.173427 
2048 	 2.506449 
2048 	 2.506466 
2048 	 2.506403 
2048 	 2.553700 
2048 	 2.528469 
2048 	 2.524144 
2048 	 2.526831 
2048 	 2.506354 
2048 	 2.506477 
2048 	 2.527708 
2048 	 2.553667 
2048 	 2.526722 
2048 	 2.527643 
2048 	 2.506347 
2048 	 2.506407 
2048 	 2.506436 
2048 	 2.528819 
2048 	 2.554278 
2048 	 2.526999 
2048 	 2.523911 
2048 	 2.506381 
2048 	 2.534008 
2048 	 4.215545 
2048 	 2.506383 
2048 	 2.533519 
2048 	 2.527641 
2048 	 2.526746 
2048 	 2.528922 
2048 	 2.526660 
2048 	 2.526534 
2048 	 2.506464 
2048 	 2.506402 
2048 	 2.527694 
2048 	 2.527602 
2048 	 2.526586 
2048 	 2.554686 
2048 	 2.506401 
2048 	 2.506372 
2048 	 2.506408 
2048 	 2.524888 
2048 	 2.528747 
2048 	 2.526134 
2048 	 2.524553 
2048 	 4.015961 
2048 	 2.526710 
2048 	 2.529617 
2048 	 2.526900 
2048 	 2.527895 
2048 	 2.530469 
2048 	 2.525078 
2048 	 2.506504 
2048 	 2.506421 
2048 	 3.046234 
2048 	 2.552829 
2048 	 2.531179 
2048 	 2.525993 
2048 	 4.180377 
2048 	 2.527015 
2048 	 2.530165 
2048 	 2.506410 
2048 	 2.533575 
2048 	 2.526910 
2048 	 2.529243 
2048 	 2.527683 
2048 	 2.526670 
2048 	 2.506401 
2048 	 2.506399 
2048 	 2.533435 
2048 	 2.526901 
2048 	 2.526979 
2048 	 2.526871 
2048 	 2.524984 
2048 	 2.506377 
2048 	 2.506407 
2048 	 2.506432 
2048 	 2.526847 
2048 	 2.528562 
2048 	 2.526144 
2048 	 2.551047 
2048 	 2.506368 
2048 	 2.506473 
2048 	 2.527777 
2048 	 2.527408 
2048 	 2.526802 
2048 	 2.527945 
2048 	 2.550527 
2048 	 2.506377 
2048 	 2.506402 
2048 	 2.527017 
2048 	 2.555182 
2048 	 2.527013 
2048 	 2.525708 
2048 	 2.506434 
2048 	 2.506450 
2048 	 2.506426 
4096 	 2.527121 
4096 	 2.554320 
4096 	 2.527797 
4096 	 2.506714 
4096 	 2.506806 
4096 	 2.506975 
4096 	 2.527325 
4096 	 2.527600 
4096 	 2.551690 
4096 	 2.523985 
4096 	 2.507037 
4096 	 2.506909 
4096 	 2.534002 
4096 	 2.526185 
4096 	 2.527301 
4096 	 2.528434 
4096 	 2.506901 
4096 	 2.507001 
4096 	 2.506940 
4096 	 2.534006 
4096 	 2.089015 
4096 	 2.089042 
4096 	 2.278938 
4096 	 2.279391 
4096 	 2.252815 
4096 	 2.195224 
4096 	 2.221468 
4096 	 2.199136 
4096 	 2.221084 
4096 	 2.219016 
4096 	 2.198482 
4096 	 2.223624 
4096 	 2.197364 
4096 	 2.189345 
4096 	 2.196720 
4096 	 2.197249 
4096 	 2.198958 
4096 	 2.197295 
4096 	 2.195740 
4096 	 2.195887 
4096 	 3.855792 
4096 	 2.197860 
4096 	 2.197316 
4096 	 2.195830 
4096 	 2.225754 
4096 	 2.197923 
4096 	 2.198463 
4096 	 2.198994 
4096 	 2.224236 
4096 	 2.196901 
4096 	 2.199349 
4096 	 2.179994 
4096 	 2.206267 
4096 	 2.179930 
4096 	 2.179938 
4096 	 2.179879 
4096 	 2.206200 
4096 	 2.179986 
4096 	 2.179892 
4096 	 2.179946 
4096 	 2.206264 
4096 	 2.179938 
4096 	 2.179840 
4096 	 2.198055 
4096 	 2.225088 
4096 	 2.196876 
4096 	 2.194832 
4096 	 2.197962 
4096 	 2.223073 
4096 	 2.195232 
4096 	 2.199112 
4096 	 2.190841 
4096 	 2.179879 
4096 	 4.097410 
4096 	 4.163382 
4096 	 3.971383 
4096 	 3.842818 
4096 	 3.772259 
4096 	 3.595871 
4096 	 3.556233 
4096 	 3.353317 
4096 	 3.340721 
4096 	 3.123945 
4096 	 3.160198 
4096 	 3.041306 
4096 	 2.949198 
4096 	 2.961615 
4096 	 2.959814 
4096 	 2.960010 
4096 	 2.949266 
4096 	 2.958295 
4096 	 2.886494 
4096 	 2.795837 
4096 	 2.785438 
4096 	 2.797186 
4096 	 2.794718 
4096 	 2.794129 
4096 	 2.795685 
4096 	 2.785461 
4096 	 2.775203 
8192 	 2.647210 
8192 	 2.648940 
8192 	 3.881392 
8192 	 2.651504 
8192 	 2.639000 
8192 	 2.639041 
8192 	 2.805655 
8192 	 2.596107 
8192 	 2.531133 
8192 	 2.507186 
8192 	 2.507079 
8192 	 2.507133 
8192 	 2.396386 
8192 	 2.396318 
8192 	 2.396646 
8192 	 2.395457 
8192 	 2.396178 
8192 	 2.397597 
8192 	 2.396516 
8192 	 2.387687 
8192 	 2.387600 
8192 	 2.387672 
8192 	 2.387692 
8192 	 2.468209 
8192 	 2.424654 
8192 	 2.414921 
8192 	 2.428171 
8192 	 2.387770 
8192 	 2.387715 
8192 	 2.387717 
8192 	 2.553028 
8192 	 2.525493 
8192 	 2.449989 
8192 	 2.387683 
8192 	 2.387706 
8192 	 2.393979 
8192 	 3.845175 
8192 	 4.153324 
8192 	 3.959074 
8192 	 3.882052 
8192 	 3.693762 
8192 	 3.601077 
8192 	 3.467146 
8192 	 3.344465 
8192 	 4.209386 
8192 	 3.149634 
8192 	 3.190199 
8192 	 3.058574 
8192 	 2.988880 
8192 	 2.949653 
8192 	 2.814759 
8192 	 2.826446 
8192 	 2.742519 
8192 	 2.693812 
8192 	 2.639006 
8192 	 4.178143 
8192 	 2.516445 
8192 	 2.507107 
8192 	 2.507083 
8192 	 2.529319 
8192 	 2.405521 
8192 	 2.397072 
8192 	 2.396611 
8192 	 2.396388 
8192 	 2.391733 
8192 	 2.387812 
8192 	 2.387693 
8192 	 2.397779 
8192 	 2.396351 
8192 	 2.396187 
8192 	 2.396016 
8192 	 2.387722 
8192 	 2.387678 
8192 	 2.387705 
8192 	 2.396172 
8192 	 2.396993 
8192 	 2.397669 
8192 	 2.396497 
8192 	 2.387772 
8192 	 2.387771 
8192 	 2.387718 
8192 	 4.195801 
8192 	 2.387680 
8192 	 2.387745 
8192 	 2.387740 
8192 	 2.395694 
8192 	 2.395212 
8192 	 2.405048 
8192 	 2.396647 
8192 	 2.387632 
8192 	 2.387728 
8192 	 2.387679 
8192 	 2.395692 
8192 	 2.396539 
8192 	 2.398085 
8192 	 2.387770 
8192 	 4.194744 
8192 	 2.398189 
8192 	 2.387772 
8192 	 2.387741 
16384 	 2.388711 
16384 	 2.396030 
16384 	 2.397454 
16384 	 2.398925 
16384 	 2.388696 
16384 	 2.388731 
16384 	 4.106879 
16384 	 2.388719 
16384 	 2.388728 
16384 	 2.393715 
16384 	 2.288829 
16384 	 2.288568 
16384 	 2.229161 
16384 	 2.189585 
16384 	 2.180991 
16384 	 2.181116 
16384 	 2.181021 
16384 	 2.181046 
16384 	 2.180970 
16384 	 2.189602 
16384 	 2.187134 
16384 	 2.188299 
16384 	 2.188512 
16384 	 2.180130 
16384 	 2.180138 
16384 	 2.180097 
16384 	 2.189592 
16384 	 2.192273 
16384 	 2.187233 
16384 	 2.189628 
16384 	 2.180093 
16384 	 2.180185 
16384 	 2.180134 
16384 	 2.277612 
16384 	 2.189441 
16384 	 2.321731 
16384 	 2.916435 
16384 	 2.286946 
16384 	 2.286781 
16384 	 2.226050 
16384 	 2.187452 
16384 	 2.187228 
16384 	 2.127219 
16384 	 2.111516 
16384 	 2.095947 
16384 	 2.050559 
16384 	 2.012047 
16384 	 2.028168 
16384 	 1.996119 
16384 	 1.934698 
16384 	 1.935835 
16384 	 1.928573 
16384 	 1.932470 
16384 	 1.928563 
16384 	 1.928577 
16384 	 1.928588 
16384 	 1.928559 
16384 	 1.928597 
16384 	 1.937088 
16384 	 1.935081 
16384 	 1.935953 
16384 	 1.922280 
16384 	 1.863378 
16384 	 1.857047 
16384 	 1.857095 
16384 	 1.857111 
16384 	 1.857123 
16384 	 1.857083 
16384 	 1.864132 
16384 	 1.848774 
16384 	 1.803988 
16384 	 1.790755 
16384 	 1.790797 
16384 	 1.790822 
16384 	 1.790824 
16384 	 1.790880 
16384 	 1.804744 
16384 	 1.803532 
16384 	 1.803171 
16384 	 1.790806 
16384 	 1.790846 
16384 	 1.790768 
16384 	 1.790825 
16384 	 1.805805 
16384 	 1.803213 
16384 	 1.805618 
16384 	 1.804078 
16384 	 1.790789 
16384 	 1.790821 
16384 	 1.790825 
16384 	 2.639088 
16384 	 3.752641 
16384 	 2.180104 
16384 	 2.180086 
16384 	 2.180058 
16384 	 2.198464 
16384 	 2.197952 
16384 	 2.200230 
16384 	 2.198191 
16384 	 2.198435 
32768 	 2.311910 
32768 	 2.311150 
32768 	 2.310320 
32768 	 2.311390 
32768 	 2.312010 
32768 	 2.311340 
32768 	 2.311780 
32768 	 2.311140 
32768 	 4.431420 
32768 	 2.461550 
32768 	 2.310860 
32768 	 2.311630 
32768 	 2.311470 
32768 	 2.310900 
32768 	 2.311740 
32768 	 2.311020 
32768 	 2.311260 
32768 	 2.311990 
32768 	 2.311760 
32768 	 2.492760 
32768 	 2.310150 
32768 	 2.311020 
32768 	 2.310740 
32768 	 2.311240 
32768 	 2.311920 
32768 	 2.312640 
32768 	 2.310920 
32768 	 2.310620 
32768 	 2.310820 
32768 	 2.311980 
32768 	 2.320240 
32768 	 2.312020 
32768 	 2.311290 
32768 	 2.311590 
32768 	 2.311100 
32768 	 2.311250 
32768 	 2.462960 
32768 	 2.311150 
32768 	 2.310870 
32768 	 2.311460 
32768 	 2.311420 
32768 	 2.312260 
32768 	 2.310840 
32768 	 2.310640 
32768 	 2.310980 
32768 	 2.311510 
32768 	 2.311350 
32768 	 2.311390 
32768 	 2.311450 
32768 	 2.312490 
32768 	 2.310960 
32768 	 4.429240 
32768 	 2.311690 
32768 	 2.310790 
32768 	 2.310770 
32768 	 2.312120 
32768 	 2.310660 
32768 	 2.310460 
32768 	 2.312530 
32768 	 2.485060 
32768 	 2.310620 
32768 	 2.311820 
32768 	 2.311470 
32768 	 2.310640 
32768 	 2.311800 
32768 	 2.312190 
32768 	 2.312620 
32768 	 2.311160 
32768 	 2.311380 
32768 	 2.311490 
32768 	 2.517870 
32768 	 2.311030 
32768 	 2.311820 
32768 	 2.310540 
32768 	 3.544790 
32768 	 2.273920 
32768 	 2.310890 
32768 	 2.311040 
32768 	 2.311190 
32768 	 3.542090 
32768 	 3.769080 
32768 	 3.322530 
32768 	 3.320860 
32768 	 3.320810 
32768 	 3.321560 
32768 	 3.321080 
32768 	 3.125890 
32768 	 3.126770 
32768 	 3.127400 
32768 	 3.360210 
32768 	 2.952840 
32768 	 2.953620 
32768 	 3.715730 
32768 	 2.953100 
32768 	 2.952640 
32768 	 3.184150 
32768 	 3.322190 
32768 	 3.544150 
32768 	 4.430520 
32768 	 3.322590 
65536 	 6.850070 
65536 	 6.849850 
65536 	 6.494210 
65536 	 6.361030 
65536 	 6.360440 
65536 	 6.031120 
65536 	 5.936910 
65536 	 5.567010 
65536 	 5.565660 
65536 	 5.237620 
65536 	 5.240100 
65536 	 5.237860 
65536 	 4.945890 
65536 	 4.946390 
65536 	 5.567590 
65536 	 5.073640 
65536 	 4.947730 
65536 	 4.949680 
65536 	 4.948960 
65536 	 4.947570 
65536 	 4.949020 
65536 	 4.948020 
65536 	 5.082270 
65536 	 4.806110 
65536 	 4.688750 
65536 	 4.452780 
65536 	 4.452360 
65536 	 7.420070 
65536 	 4.451680 
65536 	 4.453680 
65536 	 4.453160 
65536 	 4.535580 
65536 	 4.561870 
65536 	 4.550480 
65536 	 4.551430 
65536 	 4.559780 
65536 	 4.453040 
65536 	 4.452970 
65536 	 4.285170 
65536 	 4.241550 
65536 	 4.240890 
65536 	 4.241090 
65536 	 4.241180 
65536 	 4.319380 
65536 	 4.333070 
65536 	 4.324660 
65536 	 4.368260 
65536 	 4.240400 
65536 	 4.240450 
65536 	 4.241480 
65536 	 4.241530 
65536 	 4.240360 
65536 	 4.240530 
65536 	 4.239760 
65536 	 4.240230 
65536 	 4.239760 
65536 	 4.239740 
65536 	 4.240910 
65536 	 4.240870 
65536 	 4.240090 
65536 	 4.239870 
65536 	 4.240920 
65536 	 4.240110 
65536 	 4.239810 
65536 	 4.239980 
65536 	 4.241280 
65536 	 4.240690 
65536 	 4.240350 
65536 	 4.240230 
65536 	 4.453780 
65536 	 4.241270 
65536 	 4.240110 
65536 	 4.240950 
65536 	 7.424850 
65536 	 7.250190 
65536 	 6.925800 
65536 	 6.850630 
65536 	 6.354250 
65536 	 6.363610 
65536 	 6.100000 
65536 	 5.936590 
65536 	 6.232620 
65536 	 5.568170 
65536 	 5.849260 
65536 	 5.237400 
65536 	 5.237750 
65536 	 5.025330 
65536 	 5.147470 
65536 	 4.746690 
65536 	 4.496000 
65536 	 4.496530 
65536 	 4.494930 
65536 	 4.271230 
65536 	 4.271330 
65536 	 4.270990 
65536 	 4.067320 
65536 	 4.067370 
65536 	 4.067240 
65536 	 3.883320 
65536 	 3.882550 
131072 	 5.387380 
131072 	 5.157610 
131072 	 5.158940 
131072 	 4.124300 
131072 	 4.089590 
131072 	 4.162370 
131072 	 4.091220 
131072 	 4.092530 
131072 	 4.091290 
131072 	 4.089910 
131072 	 4.090520 
131072 	 4.090650 
131072 	 4.160650 
131072 	 4.090750 
131072 	 4.090960 
131072 	 9.880780 
131072 	 4.091260 
131072 	 4.091140 
131072 	 4.941330 
131072 	 4.090390 
131072 	 4.090920 
131072 	 4.091570 
131072 	 4.090310 
131072 	 4.073350 
131072 	 4.090750 
131072 	 4.173290 
131072 	 4.090660 
131072 	 4.090830 
131072 	 4.091380 
131072 	 4.090280 
131072 	 4.090680 
131072 	 4.089270 
131072 	 4.089710 
131072 	 4.163290 
131072 	 4.090360 
131072 	 4.091280 
131072 	 4.091450 
131072 	 4.090230 
131072 	 4.090710 
131072 	 4.091180 
131072 	 4.090340 
131072 	 4.172510 
131072 	 4.090890 
131072 	 4.090680 
131072 	 4.108480 
131072 	 4.090820 
131072 	 4.078910 
131072 	 4.090490 
131072 	 4.090930 
131072 	 4.177170 
131072 	 4.091500 
131072 	 4.090550 
131072 	 4.090630 
131072 	 4.091420 
131072 	 4.090620 
131072 	 4.091050 
131072 	 4.089530 
131072 	 4.091380 
131072 	 4.091370 
131072 	 4.091890 
131072 	 4.090820 
131072 	 4.078660 
131072 	 4.093030 
131072 	 4.090580 
131072 	 4.089960 
131072 	 4.079530 
131072 	 4.090500 
131072 	 4.089810 
131072 	 4.091020 
131072 	 4.090890 
131072 	 4.090270 
131072 	 4.090780 
131072 	 4.090460 
131072 	 4.164300 
131072 	 4.108500 
131072 	 4.090500 
131072 	 4.090600 
131072 	 4.090340 
131072 	 4.089790 
131072 	 4.090010 
131072 	 4.091080 
131072 	 4.162940 
131072 	 4.090850 
131072 	 4.091050 
131072 	 4.090690 
131072 	 4.089580 
131072 	 4.090610 
131072 	 4.089830 
131072 	 4.090330 
131072 	 4.089810 
131072 	 4.072750 
131072 	 4.090360 
131072 	 4.090640 
131072 	 4.089760 
131072 	 4.091570 
131072 	 4.090100 
131072 	 4.090710 
131072 	 4.109480 
131072 	 4.155350 
131072 	 4.091340 
262144 	 3.814440 
262144 	 3.816620 
262144 	 7.294260 
262144 	 3.849280 
262144 	 3.812140 
262144 	 3.812050 
262144 	 3.814080 
262144 	 3.811720 
262144 	 3.687870 
262144 	 3.685410 
262144 	 3.685340 
262144 	 3.685720 
262144 	 3.685740 
262144 	 3.685280 
262144 	 3.687480 
262144 	 3.685680 
262144 	 3.708900 
262144 	 3.685710 
262144 	 3.685490 
262144 	 3.685580 
262144 	 3.711290 
262144 	 3.685500 
262144 	 3.686600 
262144 	 3.686510 
262144 	 3.686390 
262144 	 3.686190 
262144 	 3.685270 
262144 	 3.686680 
262144 	 3.686500 
262144 	 3.684550 
262144 	 3.686370 
262144 	 3.710800 
262144 	 3.685120 
262144 	 7.701220 
262144 	 7.373360 
262144 	 3.686070 
262144 	 3.686560 
262144 	 3.686250 
262144 	 3.686160 
262144 	 3.686520 
262144 	 3.687080 
262144 	 3.685560 
262144 	 3.686730 
262144 	 3.709060 
262144 	 3.685640 
262144 	 3.684710 
262144 	 3.686230 
262144 	 3.686260 
262144 	 3.684760 
262144 	 3.685860 
262144 	 3.685570 
262144 	 3.684450 
262144 	 3.685410 
262144 	 3.685830 
262144 	 3.686380 
262144 	 3.684530 
262144 	 3.689140 
262144 	 3.686600 
262144 	 3.686690 
262144 	 3.685730 
262144 	 3.686610 
262144 	 3.685630 
262144 	 3.686450 
262144 	 3.687740 
262144 	 3.685870 
262144 	 4.093480 
262144 	 10.433080 
262144 	 9.633250 
262144 	 8.945590 
262144 	 8.345240 
262144 	 7.653400 
262144 	 4.174760 
262144 	 4.820280 
262144 	 4.823960 
262144 	 4.473360 
262144 	 4.470870 
262144 	 4.317940 
262144 	 4.317780 
262144 	 4.174380 
262144 	 4.173650 
262144 	 4.174450 
262144 	 4.180720 
262144 	 4.173620 
262144 	 4.173590 
262144 	 4.173850 
262144 	 4.175690 
262144 	 4.174420 
262144 	 4.173420 
262144 	 4.178390 
262144 	 4.200860 
262144 	 4.174600 
262144 	 4.472900 
262144 	 4.175450 
262144 	 4.175000 
262144 	 4.175030 
262144 	 4.174190 
262144 	 4.174540 
262144 	 4.173660 
262144 	 4.176260 
262144 	 4.180180 
524288 	 3.596000 
524288 	 3.358600 
524288 	 3.383900 
524288 	 3.344800 
524288 	 3.569500 
524288 	 3.542400 
524288 	 3.252400 
524288 	 4.308900 
524288 	 3.531200 
524288 	 3.487500 
524288 	 3.472500 
524288 	 3.469400 
524288 	 3.370900 
524288 	 3.239300 
524288 	 3.274800 
524288 	 3.347000 
524288 	 3.401300 
524288 	 3.375500 
524288 	 3.373700 
524288 	 3.397800 
524288 	 3.501500 
524288 	 3.420500 
524288 	 3.420100 
524288 	 3.491500 
524288 	 7.323900 
524288 	 5.092600 
524288 	 4.718700 
524288 	 4.416400 
524288 	 4.417400 
524288 	 5.398600 
524288 	 6.705100 
524288 	 5.386200 
524288 	 4.701300 
524288 	 4.942900 
524288 	 4.443500 
524288 	 4.215800 
524288 	 4.099000 
524288 	 4.269100 
524288 	 3.810900 
524288 	 3.749400 
524288 	 3.809500 
524288 	 3.631100 
524288 	 3.569500 
524288 	 3.802500 
524288 	 3.655300 
524288 	 3.614300 
524288 	 3.367300 
524288 	 3.399200 
524288 	 3.493500 
524288 	 3.473700 
524288 	 3.510100 
524288 	 3.449800 
524288 	 3.292200 
524288 	 4.948400 
524288 	 4.879400 
524288 	 4.882100 
524288 	 4.852700 
524288 	 4.957100 
524288 	 4.892700 
524288 	 4.932400 
524288 	 4.969300 
524288 	 4.918700 
524288 	 4.936400 
524288 	 4.836500 
524288 	 4.816400 
524288 	 5.738300 
524288 	 4.883500 
524288 	 4.850900 
524288 	 4.823300 
524288 	 4.904300 
524288 	 4.890900 
524288 	 4.792800 
524288 	 4.768800 
524288 	 4.904200 
524288 	 4.935600 
524288 	 4.889600 
524288 	 4.930600 
524288 	 4.898000 
524288 	 5.035400 
524288 	 4.837900 
524288 	 4.875300 
524288 	 4.982300 
524288 	 7.085000 
524288 	 10.959600 
524288 	 8.751700 
524288 	 8.305100 
524288 	 7.439900 
524288 	 7.007600 
524288 	 6.435300 
524288 	 6.101400 
524288 	 10.802900 
524288 	 9.443500 
524288 	 8.959800 
524288 	 7.980600 
524288 	 7.491800 
524288 	 6.970600 
524288 	 6.671900 
524288 	 6.460700 
524288 	 6.161500 
524288 	 5.908200 
1048576 	 5.864800 
1048576 	 5.649000 
1048576 	 5.213700 
1048576 	 5.163800 
1048576 	 5.303400 
1048576 	 5.076900 
1048576 	 5.126500 
1048576 	 5.023300 
1048576 	 5.032500 
1048576 	 5.148100 
1048576 	 5.058000 
1048576 	 5.158700 
1048576 	 4.995900 
1048576 	 4.859200 
1048576 	 6.887500 
1048576 	 6.787700 
1048576 	 8.012200 
1048576 	 7.009900 
1048576 	 7.059600 
1048576 	 7.161300 
1048576 	 7.776700 
1048576 	 7.144200 
1048576 	 6.793700 
1048576 	 6.767800 
1048576 	 7.353000 
1048576 	 15.174100 
1048576 	 12.254800 
1048576 	 10.729400 
1048576 	 9.631300 
1048576 	 12.422900 
1048576 	 10.636400 
1048576 	 9.449000 
1048576 	 8.674200 
1048576 	 8.085800 
1048576 	 7.567900 
1048576 	 7.508600 
1048576 	 7.306800 
1048576 	 7.131400 
1048576 	 7.579400 
1048576 	 7.141200 
1048576 	 7.043500 
1048576 	 6.957600 
1048576 	 7.053100 
1048576 	 6.882700 
1048576 	 7.388800 
1048576 	 7.071400 
1048576 	 7.496900 
1048576 	 6.990400 
1048576 	 7.146200 
1048576 	 7.006700 
1048576 	 7.049800 
1048576 	 7.152100 
1048576 	 6.748400 
1048576 	 6.939300 
1048576 	 7.068400 
1048576 	 6.906300 
1048576 	 8.007400 
1048576 	 6.708800 
1048576 	 6.828000 
1048576 	 6.496500 
1048576 	 13.684000 
1048576 	 11.733600 
1048576 	 9.313400 
1048576 	 9.203500 
1048576 	 8.495300 
1048576 	 7.635300 
1048576 	 6.953300 
1048576 	 8.499500 
1048576 	 13.637600 
1048576 	 11.670800 
1048576 	 10.248800 
1048576 	 9.577900 
1048576 	 8.363200 
1048576 	 7.804600 
1048576 	 7.299500 
1048576 	 7.091000 
1048576 	 7.142800 
1048576 	 6.841400 
1048576 	 6.891500 
1048576 	 7.024900 
1048576 	 7.031100 
1048576 	 6.904500 
1048576 	 7.240400 
1048576 	 7.134600 
1048576 	 6.770400 
1048576 	 6.847500 
1048576 	 6.838500 
1048576 	 6.690800 
1048576 	 6.856100 
1048576 	 7.283800 
1048576 	 7.024000 
1048576 	 6.985200 
1048576 	 6.311200 
1048576 	 6.469200 
1048576 	 6.880300 
1048576 	 6.330500 
1048576 	 6.086500 
1048576 	 6.204400 
1048576 	 6.356900 
1048576 	 6.270000 
2097152 	 5.990800 
2097152 	 6.102600 
2097152 	 6.136100 
2097152 	 6.018900 
2097152 	 6.131000 
2097152 	 5.848300 
2097152 	 6.089700 
2097152 	 6.050700 
2097152 	 6.281100 
2097152 	 6.123600 
2097152 	 6.167900 
2097152 	 5.939500 
2097152 	 6.132900 
2097152 	 6.781000 
2097152 	 6.080300 
2097152 	 6.218500 
2097152 	 5.794200 
2097152 	 5.974500 
2097152 	 6.167800 
2097152 	 5.944900 
2097152 	 13.555600 
2097152 	 12.299800 
2097152 	 12.244100 
2097152 	 12.109100 
2097152 	 12.149600 
2097152 	 16.808000 
2097152 	 17.449600 
2097152 	 14.321900 
2097152 	 13.107300 
2097152 	 12.234800 
2097152 	 12.331400 
2097152 	 12.449800 
2097152 	 12.388600 
2097152 	 12.020400 
2097152 	 12.560800 
2097152 	 12.500900 
2097152 	 12.222300 
2097152 	 12.075000 
2097152 	 12.339000 
2097152 	 11.954300 
2097152 	 12.239300 
2097152 	 4.856500 
2097152 	 4.623200 
2097152 	 4.524600 
2097152 	 5.005000 
2097152 	 4.619900 
2097152 	 4.497600 
2097152 	 4.674900 
2097152 	 4.734500 
2097152 	 4.945400 
2097152 	 4.556300 
2097152 	 4.580400 
2097152 	 4.613300 
2097152 	 4.845000 
2097152 	 4.514400 
2097152 	 4.715700 
2097152 	 4.454500 
2097152 	 5.018000 
2097152 	 4.634400 
2097152 	 4.664300 
2097152 	 4.537300 
2097152 	 4.534000 
2097152 	 6.487200 
2097152 	 17.568700 
2097152 	 12.969400 
2097152 	 11.841000 
2097152 	 11.144000 
2097152 	 10.814400 
2097152 	 11.144700 
2097152 	 10.923200 
2097152 	 15.035200 
2097152 	 15.319400 
2097152 	 12.967700 
2097152 	 12.052800 
2097152 	 11.096700 
2097152 	 10.940300 
2097152 	 11.178400 
2097152 	 11.121400 
2097152 	 10.737500 
2097152 	 10.877400 
2097152 	 10.833300 
2097152 	 11.202700 
2097152 	 10.742300 
2097152 	 19.734800 
2097152 	 17.619900 
2097152 	 17.810500 
2097152 	 17.834300 
2097152 	 18.216900 
2097152 	 17.566600 
2097152 	 17.904800 
2097152 	 17.522700 
2097152 	 21.094600 
2097152 	 17.681300 
2097152 	 17.717400 
2097152 	 17.856800 
2097152 	 18.333600 
2097152 	 17.474600 
2097152 	 17.947800 
2097152 	 17.592300 
2097152 	 17.992100 
4194304 	 11.376000 
4194304 	 11.176900 
4194304 	 11.299700 
4194304 	 11.738000 
4194304 	 23.516000 
4194304 	 23.937200 
4194304 	 23.564000 
4194304 	 23.716100 
4194304 	 23.669400 
4194304 	 23.880100 
4194304 	 23.578800 
4194304 	 24.281700 
4194304 	 24.387800 
4194304 	 23.661000 
4194304 	 23.608300 
4194304 	 23.600900 
4194304 	 13.785500 
4194304 	 14.971200 
4194304 	 14.388600 
4194304 	 15.035000 
4194304 	 14.907500 
4194304 	 13.411200 
4194304 	 13.743000 
4194304 	 13.405200 
4194304 	 13.725200 
4194304 	 23.321500 
4194304 	 21.714600 
4194304 	 21.732900 
4194304 	 21.539800 
4194304 	 21.969400 
4194304 	 21.769900 
4194304 	 21.787100 
4194304 	 21.747900 
4194304 	 21.805800 
4194304 	 21.687600 
4194304 	 21.644000 
4194304 	 22.101700 
4194304 	 22.778300 
4194304 	 16.611100 
4194304 	 20.395500 
4194304 	 17.209200 
4194304 	 17.029700 
4194304 	 17.028800 
4194304 	 16.878900 
4194304 	 16.965800 
4194304 	 17.157500 
4194304 	 16.805200 
4194304 	 17.277700 
4194304 	 16.926300 
4194304 	 31.567300 
4194304 	 31.158100 
4194304 	 30.890400 
4194304 	 30.922700 
4194304 	 30.857000 
4194304 	 31.182700 
4194304 	 31.043700 
4194304 	 31.196800 
4194304 	 31.373100 
4194304 	 31.285900 
4194304 	 31.133300 
4194304 	 31.761700 
4194304 	 16.346900 
4194304 	 16.492600 
4194304 	 16.193900 
4194304 	 16.449700 
4194304 	 16.394300 
4194304 	 16.345700 
4194304 	 16.451100 
4194304 	 16.324500 
4194304 	 16.260700 
4194304 	 16.569200 
4194304 	 16.422300 
4194304 	 17.082300 
4194304 	 2.397600 
4194304 	 2.385800 
4194304 	 2.403100 
4194304 	 2.420600 
4194304 	 2.382300 
4194304 	 2.386300 
4194304 	 2.340400 
4194304 	 2.355800 
4194304 	 2.388800 
4194304 	 2.430100 
4194304 	 3.634000 
4194304 	 2.965300 
4194304 	 32.014400 
4194304 	 31.083900 
4194304 	 30.695400 
4194304 	 31.178000 
4194304 	 30.821400 
4194304 	 30.992600 
4194304 	 31.040500 
4194304 	 31.205100 
4194304 	 31.283200 
4194304 	 30.934500 
4194304 	 32.516700 
4194304 	 16.638500 
4194304 	 16.260300 
4194304 	 16.488100 
4194304 	 16.521800 
8388608 	 77.603000 
8388608 	 75.952000 
8388608 	 77.715000 
8388608 	 76.807000 
8388608 	 77.279000 
8388608 	 76.616000 
8388608 	 75.384000 
8388608 	 75.733000 
8388608 	 75.908000 
8388608 	 75.209000 
8388608 	 77.082000 
8388608 	 76.813000 
8388608 	 77.443000 
8388608 	 76.782000 
8388608 	 78.378000 
8388608 	 77.610000 
8388608 	 80.066000 
8388608 	 76.389000 
8388608 	 77.367000 
8388608 	 76.136000 
8388608 	 76.508000 
8388608 	 75.009000 
8388608 	 76.010000 
8388608 	 76.098000 
8388608 	 76.118000 
8388608 	 76.095000 
8388608 	 76.114000 
8388608 	 75.753000 
8388608 	 76.152000 
8388608 	 77.462000 
8388608 	 77.183000 
8388608 	 77.375000 
8388608 	 76.729000 
8388608 	 77.439000 
8388608 	 76.706000 
8388608 	 76.435000 
8388608 	 76.288000 
8388608 	 79.497000 
8388608 	 77.082000 
8388608 	 78.059000 
8388608 	 77.443000 
8388608 	 77.585000 
8388608 	 75.616000 
8388608 	 75.793000 
8388608 	 75.716000 
8388608 	 75.276000 
8388608 	 75.001000 
8388608 	 74.600000 
8388608 	 77.635000 
8388608 	 81.936000 
8388608 	 76.861000 
8388608 	 77.007000 
8388608 	 76.864000 
8388608 	 78.076000 
8388608 	 76.107000 
8388608 	 75.106000 
8388608 	 76.872000 
8388608 	 75.905000 
8388608 	 76.253000 
8388608 	 75.389000 
8388608 	 75.151000 
8388608 	 79.007000 
8388608 	 76.400000 
8388608 	 76.996000 
8388608 	 76.120000 
8388608 	 78.027000 
8388608 	 77.593000 
8388608 	 76.731000 
8388608 	 76.290000 
8388608 	 76.819000 
8388608 	 76.222000 
8388608 	 76.718000 
8388608 	 78.438000 
8388608 	 77.400000 
8388608 	 77.522000 
8388608 	 80.799000 
8388608 	 76.763000 
8388608 	 77.402000 
8388608 	 77.860000 
8388608 	 77.513000 
8388608 	 76.007000 
8388608 	 76.245000 
8388608 	 76.501000 
8388608 	 77.042000 
8388608 	 77.011000 
8388608 	 77.598000 
8388608 	 77.339000 
8388608 	 76.972000 
8388608 	 77.654000 
8388608 	 76.917000 
8388608 	 77.470000 
8388608 	 77.453000 
8388608 	 78.191000 
8388608 	 77.689000 
8388608 	 77.870000 
8388608 	 77.421000 
8388608 	 77.905000 
8388608 	 75.101000 
8388608 	 77.623000 
8388608 	 76.986000 
16777216 	 84.811000 
16777216 	 85.302000 
16777216 	 85.158000 
16777216 	 84.487000 
16777216 	 84.698000 
16777216 	 84.586000 
16777216 	 85.206000 
16777216 	 84.966000 
16777216 	 84.567000 
16777216 	 86.182000 
16777216 	 85.500000 
16777216 	 84.809000 
16777216 	 84.301000 
16777216 	 84.627000 
16777216 	 85.627000 
16777216 	 85.808000 
16777216 	 85.612000 
16777216 	 84.352000 
16777216 	 84.711000 
16777216 	 84.727000 
16777216 	 84.109000 
16777216 	 83.609000 
16777216 	 84.074000 
16777216 	 83.664000 
16777216 	 84.788000 
16777216 	 84.660000 
16777216 	 84.963000 
16777216 	 85.161000 
16777216 	 85.684000 
16777216 	 86.043000 
16777216 	 84.881000 
16777216 	 84.781000 
16777216 	 84.862000 
16777216 	 84.806000 
16777216 	 85.575000 
16777216 	 83.951000 
16777216 	 88.950000 
16777216 	 85.382000 
16777216 	 85.002000 
16777216 	 83.739000 
16777216 	 84.725000 
16777216 	 84.928000 
16777216 	 78.834000 
16777216 	 79.951000 
16777216 	 79.934000 
16777216 	 87.706000 
16777216 	 85.253000 
16777216 	 85.066000 
16777216 	 83.794000 
16777216 	 83.804000 
16777216 	 87.096000 
16777216 	 52.410000 
16777216 	 52.358000 
16777216 	 52.283000 
16777216 	 85.864000 
16777216 	 85.596000 
16777216 	 84.990000 
16777216 	 85.608000 
16777216 	 85.388000 
16777216 	 84.960000 
16777216 	 84.640000 
16777216 	 85.049000 
16777216 	 85.484000 
16777216 	 84.693000 
16777216 	 85.314000 
16777216 	 85.572000 
16777216 	 85.261000 
16777216 	 84.313000 
16777216 	 84.761000 
16777216 	 85.739000 
16777216 	 84.591000 
16777216 	 85.681000 
16777216 	 85.132000 
16777216 	 84.010000 
16777216 	 84.669000 
16777216 	 85.176000 
16777216 	 84.760000 
16777216 	 84.287000 
16777216 	 85.063000 
16777216 	 85.895000 
16777216 	 86.308000 
16777216 	 85.551000 
16777216 	 84.757000 
16777216 	 85.123000 
16777216 	 84.077000 
16777216 	 85.135000 
16777216 	 84.583000 
16777216 	 84.179000 
16777216 	 85.482000 
16777216 	 86.051000 
16777216 	 85.422000 
16777216 	 84.684000 
16777216 	 84.035000 
16777216 	 85.348000 
16777216 	 84.760000 
16777216 	 85.350000 
16777216 	 85.246000 
16777216 	 85.370000 
16777216 	 19.558000 
16777216 	 19.549000 
33554432 	 89.689000 
33554432 	 89.959000 
33554432 	 90.005000 
33554432 	 89.429000 
33554432 	 89.828000 
33554432 	 90.414000 
33554432 	 88.053000 
33554432 	 88.481000 
33554432 	 89.432000 
33554432 	 89.941000 
33554432 	 89.381000 
33554432 	 89.862000 
33554432 	 88.751000 
33554432 	 89.596000 
33554432 	 90.000000 
33554432 	 89.660000 
33554432 	 89.294000 
33554432 	 89.607000 
33554432 	 89.587000 
33554432 	 89.068000 
33554432 	 89.404000 
33554432 	 88.419000 
33554432 	 88.216000 
33554432 	 89.886000 
33554432 	 89.264000 
33554432 	 88.960000 
33554432 	 89.321000 
33554432 	 89.331000 
33554432 	 89.687000 
33554432 	 89.402000 
33554432 	 90.011000 
33554432 	 89.414000 
33554432 	 88.609000 
33554432 	 88.345000 
33554432 	 89.039000 
33554432 	 88.838000 
33554432 	 88.807000 
33554432 	 89.025000 
33554432 	 90.035000 
33554432 	 91.584000 
33554432 	 88.363000 
33554432 	 87.867000 
33554432 	 88.777000 
33554432 	 87.418000 
33554432 	 88.020000 
33554432 	 89.037000 
33554432 	 88.645000 
33554432 	 88.528000 
33554432 	 87.981000 
33554432 	 87.481000 
33554432 	 87.668000 
33554432 	 88.525000 
33554432 	 88.322000 
33554432 	 88.847000 
33554432 	 87.697000 
33554432 	 88.373000 
33554432 	 88.889000 
33554432 	 87.333000 
33554432 	 87.666000 
33554432 	 89.290000 
33554432 	 88.069000 
33554432 	 88.431000 
33554432 	 88.543000 
33554432 	 88.101000 
33554432 	 88.176000 
33554432 	 88.354000 
33554432 	 87.837000 
33554432 	 88.080000 
33554432 	 88.625000 
33554432 	 88.930000 
33554432 	 88.977000 
33554432 	 88.711000 
33554432 	 89.020000 
33554432 	 89.005000 
33554432 	 88.361000 
33554432 	 88.165000 
33554432 	 88.204000 
33554432 	 88.714000 
33554432 	 88.164000 
33554432 	 89.075000 
33554432 	 87.892000 
33554432 	 87.693000 
33554432 	 88.200000 
33554432 	 87.906000 
33554432 	 88.272000 
33554432 	 88.170000 
33554432 	 88.138000 
33554432 	 88.446000 
33554432 	 90.021000 
33554432 	 89.586000 
33554432 	 88.861000 
33554432 	 88.342000 
33554432 	 89.314000 
33554432 	 88.323000 
33554432 	 88.844000 
33554432 	 88.860000 
33554432 	 89.004000 
33554432 	 88.867000 
33554432 	 88.648000 
33554432 	 88.093000 
67108864 	 91.413000 
67108864 	 91.407000 
67108864 	 91.593000 
67108864 	 91.902000 
67108864 	 91.513000 
67108864 	 91.575000 
67108864 	 91.281000 
67108864 	 92.115000 
67108864 	 91.094000 
67108864 	 91.124000 
67108864 	 97.260000 
67108864 	 92.351000 
67108864 	 91.341000 
67108864 	 92.204000 
67108864 	 94.879000 
67108864 	 91.142000 
67108864 	 91.401000 
67108864 	 93.621000 
67108864 	 92.585000 
67108864 	 92.162000 
67108864 	 91.974000 
67108864 	 92.001000 
67108864 	 92.754000 
67108864 	 93.069000 
67108864 	 91.974000 
67108864 	 92.168000 
67108864 	 92.842000 
67108864 	 93.147000 
67108864 	 92.109000 
67108864 	 92.698000 
67108864 	 95.645000 
67108864 	 91.931000 
67108864 	 92.586000 
67108864 	 91.392000 
67108864 	 92.274000 
67108864 	 91.740000 
67108864 	 92.018000 
67108864 	 93.500000 
67108864 	 92.129000 
67108864 	 93.416000 
67108864 	 93.290000 
67108864 	 92.390000 
67108864 	 92.405000 
67108864 	 91.711000 
67108864 	 98.708000 
67108864 	 92.395000 
67108864 	 92.499000 
67108864 	 92.354000 
67108864 	 92.386000 
67108864 	 92.218000 
67108864 	 92.907000 
67108864 	 91.496000 
67108864 	 91.696000 
67108864 	 92.704000 
67108864 	 91.493000 
67108864 	 93.052000 
67108864 	 92.127000 
67108864 	 92.337000 
67108864 	 92.272000 
67108864 	 92.106000 
67108864 	 93.631000 
67108864 	 91.893000 
67108864 	 92.722000 
67108864 	 93.216000 
67108864 	 92.613000 
67108864 	 92.721000 
67108864 	 92.366000 
67108864 	 92.157000 
67108864 	 91.545000 
67108864 	 92.612000 
67108864 	 92.142000 
67108864 	 92.779000 
67108864 	 92.057000 
67108864 	 92.285000 
67108864 	 92.744000 
67108864 	 92.197000 
67108864 	 92.429000 
67108864 	 96.274000 
67108864 	 92.537000 
67108864 	 94.039000 
67108864 	 91.988000 
67108864 	 91.275000 
67108864 	 91.557000 
67108864 	 92.617000 
67108864 	 92.621000 
67108864 	 91.894000 
67108864 	 92.061000 
67108864 	 93.154000 
67108864 	 91.977000 
67108864 	 92.272000 
67108864 	 92.288000 
67108864 	 96.390000 
67108864 	 92.266000 
67108864 	 92.626000 
67108864 	 93.319000 
67108864 	 92.374000 
67108864 	 91.280000 
67108864 	 93.502000 
67108864 	 94.641000 
67108864 	 93.179000 
size:2^4and iters:10^8
size:2^5and iters:10^8
size:2^6and iters:10^8
size:2^7and iters:10^7
size:2^8and iters:10^7
size:2^9and iters:10^7
size:2^10and iters:10^7
size:2^11and iters:10^6
size:2^12and iters:10^6
size:2^13and iters:10^6
size:2^14and iters:10^6
size:2^15and iters:10^5
size:2^16and iters:10^5
size:2^17and iters:10^5
size:2^18and iters:10^5
size:2^19and iters:10^4
size:2^20and iters:10^4
size:2^21and iters:10^4
size:2^22and iters:10^4
size:2^23and iters:10^3
size:2^24and iters:10^3
size:2^25and iters:10^3
size:2^26and iters:10^3
